1
2
3
5
7
8
9
10
11
12
13
14
15
16
17
18
19
20
21
22
23
24
28
29
30
31
47
48
49
50
51
52
53
54
55
56
57
58
59
60
66
80
81
133
163
164
165
166
236
260
261
271
272
289
312
316
317
366
392
397
427
428
435
438
439
440
442
443
460
486
675
834
836
837
917
918
919
920
922
923
927
929
930
946
1008
1009
1011
1015
1016
1018
1057
1180
1181
1236
1265
1653
1658
1659
1660
1661
1662
1663
1664
2029
2035
2046
2053
2054
2055
2056
2057
2058
2059
2060
2061
2062
2063
2064
2066
2067
2068
2069
2070
2071
2072
2073
2074
2075
2076
2077
2080
2081
2083
2095
2096
2144
2177
2178
16149
18276
18277
18278
18279
18333
18334
18335
18336
18337
18442
18450
18453
18454
18455
18460
18512
18586
18587
18665
18666
18667
